<?xml version="1.0" encoding="UTF-8" standalone="no"?>
<svg xmlns="http://www.w3.org/2000/svg"
     xmlns:svg="http://www.w3.org/2000/svg"
     version="1.1"
     width="1.88889in" height="2.375in"
     viewBox="0 0 136 171">
  <path id="path1"
        fill="none" stroke="black" stroke-width="1"
        d="M 92.25,64.08
           C 92.25,64.19 96.73,61.06 96.73,61.06
             96.82,60.92 101.30,55.42 101.16,55.66
             101.16,55.66 107.94,42.31 107.94,42.31
             109.66,42.07 114.71,26.98 113.83,27.10
             116.36,26.79 116.69,6.14 114.94,6.35
             113.05,3.79 96.38,19.92 96.94,20.68
             96.94,20.68 4.59,144.03 4.34,143.78
             1.40,144.98 2.30,157.81 9.71,154.05
             8.47,154.30 22.90,155.98 25.44,155.77
             27.30,156.41 35.61,143.96 34.80,143.69">
        <title>l Arc Outer</title>
  </path>
  <path id="path2"
        fill="none" stroke="black" stroke-width="1"
        d="M 92.44,63.64
           C 92.44,63.64 92.75,58.07 92.75,58.07
             92.75,58.07 96.29,53.16 96.29,53.16
             96.29,53.16 98.89,48.38 98.89,48.38
             98.89,48.38 99.36,45.57 102.56,40.19
             103.39,38.50 102.51,33.19 102.31,33.59
             100.98,30.77 81.20,40.63 83.26,44.77
             83.26,44.48 46.04,83.40 44.98,98.85
             44.98,98.76 21.60,134.18 21.78,139.90
             19.35,140.22 16.29,147.50 21.93,146.74
             21.93,146.74 35.17,142.85 35.17,142.85">
        <title>l Arc Inner</title>
  </path>
  <path id="path3"
        fill="none" stroke="black" stroke-width="1"
        d="M 6.45,115.73
           C 8.73,122.60 78.00,88.13 92.15,63.53
             92.94,64.21 114.44,26.63 108.32,21.33
             106.84,14.70 65.05,56.32 65.99,60.52
             66.01,59.89 36.11,100.64 35.99,103.79
             35.88,103.58 8.60,139.55 10.89,143.86
             9.35,144.16 7.42,152.94 17.84,150.92
             18.02,151.85 28.03,151.23 27.72,149.62
             27.72,149.62 56.60,129.42 56.60,129.42M 112.81,85.63">
        <title>l Loop</title>
  </path>
</svg>
