<?xml version="1.0" encoding="UTF-8" standalone="no"?>
<svg xmlns="http://www.w3.org/2000/svg"
     xmlns:svg="http://www.w3.org/2000/svg"
     version="1.1"
     width="2.43056in" height="1.63889in"
     viewBox="0 0 175 118">
  <path id="path1"
        fill="none" stroke="black" stroke-width="1"
        d="M 76.95,38.84
           C 76.48,36.88 80.00,35.34 80.19,36.13
             83.93,34.82 87.05,40.09 85.74,40.55
             86.86,41.33 83.49,48.76 83.12,48.50
             83.12,48.50 74.16,62.74 74.02,62.74
             73.87,62.74 71.96,65.42 71.96,65.42
             71.96,65.42 109.96,39.03 109.96,39.03
             109.96,39.03 119.57,37.41 119.21,37.65
             118.85,37.89 124.69,48.18 124.69,48.18
             124.69,48.18 117.70,60.65 117.70,60.65
             117.70,60.65 149.23,38.90 149.23,38.90
             149.23,38.90 159.37,39.04 159.37,39.04
             159.37,39.04 165.46,48.66 165.46,48.66
             165.46,48.66 163.33,57.02 163.33,57.02
             163.33,57.02 148.34,74.39 148.17,74.39
             148.00,74.39 145.10,79.50 145.10,79.50
             142.61,82.61 154.37,83.02 155.83,81.20
             156.18,81.72 164.45,79.16 164.03,78.32
             168.47,76.99 167.47,79.99 166.92,80.15
             167.25,80.20 163.87,84.56 162.92,84.44
             163.17,85.67 151.37,90.00 150.85,89.45
             148.31,90.39 133.41,89.25 134.12,88.87
             131.51,89.15 126.27,79.46 130.29,75.30
             131.62,73.76 152.50,51.87 153.16,52.97
             155.85,50.95 152.07,44.85 150.60,46.23
             150.93,41.53 99.02,77.37 98.70,89.51
             99.27,93.03 85.90,92.57 86.31,87.97
             82.22,85.66 109.14,52.37 110.25,52.95
             110.78,53.14 111.94,46.66 110.55,46.08
             110.04,44.32 107.21,45.63 107.32,45.98
             106.58,43.83 62.41,79.69 46.62,93.03
             45.60,94.69 36.18,94.34 38.52,90.52
             35.96,90.30 75.85,43.64 75.47,42.15
             75.27,42.19 75.83,39.05 76.95,38.84 Z">
        <title>m Humps Outline</title>
  </path>
  <path id="path2"
        fill="none" stroke="black" stroke-width="1"
        d="M 79.20,37.62
           C 79.97,37.56 82.09,39.36 81.72,42.28
             83.45,43.32 49.19,87.98 47.11,86.73
             47.09,86.72 69.15,68.97 71.01,68.53
             71.01,68.53 105.86,44.17 105.86,44.17
             105.97,43.34 114.98,41.12 116.11,43.29
             117.39,44.45 117.72,51.34 117.18,53.49
             115.07,58.96 95.83,84.14 94.43,83.73
             94.23,83.72 115.64,64.34 118.34,62.81
             118.26,61.19 151.15,43.01 152.18,42.91
             154.76,40.48 160.19,46.03 159.74,47.86
             157.37,53.72 138.24,77.90 138.10,77.69
             136.56,81.83 138.45,85.50 142.90,86.60
             143.22,87.67 154.93,86.08 155.30,85.54
             157.38,84.82 183.40,67.70 183.23,67.59">
        <title>m Humps</title>
  </path>
  <path id="path3"
        fill="none" stroke="black" stroke-width="1"
        d="M 30.51,72.89
           C 31.01,72.18 75.35,32.18 79.40,37.67">
        <title>m Entrance Flick</title>
  </path>
</svg>
