<?xml version="1.0" encoding="UTF-8" standalone="no"?>
<svg xmlns="http://www.w3.org/2000/svg"
     xmlns:svg="http://www.w3.org/2000/svg"
     version="1.1"
     width="2.22222in" height="2.52778in"
     viewBox="0 0 160 182">
  <path id="path1"
        fill="none" stroke="black" stroke-width="1"
        d="M 56.76,104.71
           C 56.76,104.71 61.20,107.31 61.20,107.31
             61.20,107.31 48.47,130.33 48.47,130.33
             46.58,128.69 70.48,106.02 74.68,109.68
             74.09,109.27 93.68,102.35 95.65,103.72
             100.76,103.48 106.29,126.11 100.63,126.38
             100.63,126.38 82.50,143.93 82.74,144.08
             77.90,147.55 80.02,155.66 84.33,152.85
             90.38,154.16 100.44,146.23 99.53,146.03
             99.53,146.03 104.49,148.32 104.49,148.32
             104.49,148.32 91.34,156.05 91.34,156.05
             91.35,156.94 68.65,161.50 68.62,156.97
             66.25,159.14 63.09,150.33 67.24,146.53
             62.11,143.15 79.84,123.86 81.39,124.88
             88.08,125.19 87.83,110.80 85.98,110.72
             87.00,107.90 59.39,120.35 56.68,127.84
             56.62,127.68 33.82,150.48 37.22,160.33
             38.06,160.93 20.40,161.49 17.74,159.61
             17.74,159.61 54.54,104.79 54.54,104.79">
        <title>h Hump Outline</title>
  </path>
  <path id="path2"
        fill="none" stroke="black" stroke-width="1"
        d="M 28.35,159.16
           C 28.35,159.16 53.74,126.56 53.74,126.56
             50.34,124.13 85.90,103.12 91.49,107.12
             92.43,107.07 98.96,126.12 93.05,126.39
             92.91,125.29 76.75,140.38 77.17,143.91
             74.65,144.13 72.38,155.43 77.49,154.98
             77.11,154.79 89.99,155.75 90.28,155.90
             92.57,154.82 121.51,132.24 120.73,133.48">
        <title>h Hump</title>
  </path>
  <path id="path3"
        fill="none" stroke="black" stroke-width="1"
        d="M 61.13,105.06
           C 61.13,105.06 27.22,157.87 27.22,157.87">
        <title>h post-Bar-Bowl Downstroke</title>
  </path>
  <path id="path4"
        fill="none" stroke="black" stroke-width="1"
        d="M 58.13,109.27
           C 52.14,102.50 87.52,53.47 87.64,53.61
             86.34,50.15 122.36,12.60 122.72,13.56
             120.39,11.98 138.44,-0.80 142.30,1.81
             146.29,2.02 144.90,17.09 142.84,16.99
             142.78,17.83 126.48,44.69 126.52,44.08
             127.66,49.75 62.32,107.78 62.32,107.77">
        <title>h Bar-Bowl Outer</title>
  </path>
  <path id="path5"
        fill="none" stroke="black" stroke-width="1"
        d="M 66.11,97.94
           C 69.45,99.09 102.37,68.46 100.57,68.26
             107.98,69.00 139.75,16.85 136.61,17.57
             135.20,10.18 108.42,28.02 109.68,34.67
             107.10,35.51 90.30,57.89 91.03,57.65
             90.70,57.40 64.28,96.59 66.11,97.94 Z">
        <title>h Bar-Bowl Inner</title>
  </path>
  <path id="path6"
        fill="none" stroke="black" stroke-width="1"
        d="M 11.17,136.91
           C 12.18,137.70 58.52,109.99 56.28,108.23">
        <title>h Entrance Flick</title>
  </path>
</svg>
