<?xml version="1.0" encoding="UTF-8" standalone="no"?>
<svg xmlns="http://www.w3.org/2000/svg"
     xmlns:svg="http://www.w3.org/2000/svg"
     version="1.1"
     width="3.30556in" height="2.97222in"
     viewBox="0 0 238 214">
  <path id="path1"
        fill="none" stroke="black" stroke-width="1"
        d="M 159.31,85.54
           C 158.82,85.26 153.74,92.69 155.17,93.52
             154.70,93.70 156.51,99.63 158.44,98.95
             159.16,99.19 156.38,105.05 155.12,104.75
             154.67,104.34 140.43,122.81 142.71,124.93
             140.86,125.92 146.61,133.44 149.41,131.95
             149.31,132.71 162.95,131.65 163.16,130.18
             165.47,132.29 205.77,105.83 205.08,105.21">
        <title>r Downstroke -&gt; r Exit (terminal)</title>
  </path>
  <path id="path2"
        fill="none" stroke="black" stroke-width="1"
        d="M 126.41,87.26
           C 125.48,87.92 132.97,101.96 135.77,99.99
             135.73,101.21 146.84,100.36 146.92,98.13
             146.92,98.13 160.27,85.55 160.27,85.63">
        <title>o Exit -&gt; r Entry</title>
  </path>
  <path id="path3"
        fill="none" stroke="black" stroke-width="1"
        d="M 126.04,87.34
           C 125.16,84.92 96.55,103.12 98.53,108.60
             97.96,108.48 91.42,123.54 93.63,124.02
             91.66,124.66 94.31,132.09 97.48,131.05
             97.57,132.46 107.18,130.84 107.15,129.23
             107.62,130.99 129.71,109.60 128.67,104.66
             129.19,104.94 132.71,90.09 128.48,87.49
             128.96,86.90 127.35,86.76 127.07,87.05">
        <title>o Bowl</title>
  </path>
  <path id="path4"
        fill="none" stroke="black" stroke-width="1"
        d="M 70.13,104.10
           C 70.34,108.89 97.64,107.03 99.22,103.05
             100.63,104.43 108.50,97.61 108.65,97.08
             108.32,95.01 125.80,86.98 125.90,87.58">
        <title>f Exit -&gt; o Entry</title>
  </path>
  <path id="path5"
        fill="none" stroke="black" stroke-width="1"
        d="M 71.77,96.22
           C 71.77,96.22 65.98,93.58 65.98,93.58
             65.83,93.46 60.44,100.55 62.07,101.88
             61.30,101.75 60.31,115.23 61.65,115.61
             63.10,118.64 37.74,157.18 37.33,156.41
             34.18,154.60 11.12,193.81 8.15,199.58
             7.56,199.44 5.77,211.60 7.48,211.86
             8.41,216.30 23.60,213.28 23.54,212.29
             23.11,212.47 39.22,184.79 44.54,182.44
             42.95,182.60 44.28,170.96 44.75,170.88
             44.70,170.91 71.43,111.58 76.04,109.38
             75.71,109.43 76.60,99.26 76.75,99.23
             77.93,98.75 77.38,95.98 76.99,96.14
             76.66,95.11 71.64,95.83 71.77,96.22 Z">
        <title>f Downstroke Outline</title>
  </path>
  <path id="path6"
        fill="none" stroke="black" stroke-width="1"
        d="M 71.23,96.71
           C 72.38,96.69 57.63,139.53 54.62,139.57
             54.76,143.84 13.96,217.39 13.76,211.67">
        <title>f Downstroke Center</title>
  </path>
  <path id="path7"
        fill="none" stroke="black" stroke-width="1"
        d="M 79.46,93.73
           C 77.93,92.91 78.77,87.68 79.56,88.10
             79.16,87.43 89.72,71.90 91.10,74.11
             90.76,74.32 99.89,61.72 100.91,60.81
             99.54,59.93 108.70,45.87 109.57,46.43
             108.68,46.33 125.11,23.98 127.26,24.22
             126.59,24.51 139.19,12.58 140.24,12.12
             139.98,11.81 143.67,10.52 144.37,11.29
             145.94,10.62 146.81,14.08 145.97,14.36
             146.39,14.80 145.35,27.07 144.68,26.37
             144.03,26.95 137.43,38.03 137.80,37.70
             136.42,38.49 126.77,59.11 125.27,58.23
             125.47,57.01 108.36,73.85 108.08,75.24
             108.31,75.48 94.00,88.36 93.55,87.85
             94.09,88.97 82.09,97.11 80.76,94.55">
        <title>f Bar-Bowl Outer</title>
  </path>
  <path id="path8"
        fill="none" stroke="black" stroke-width="1"
        d="M 83.68,88.86
           C 82.93,87.89 100.88,69.11 100.88,69.12
             101.18,69.39 107.83,61.23 107.57,60.92
             107.04,60.20 108.83,54.37 109.12,54.73
             110.38,45.69 130.51,29.27 130.44,29.76
             130.77,28.75 135.14,28.17 135.06,28.42
             135.70,28.51 136.25,32.42 134.98,32.25
             135.14,34.51 130.67,41.94 130.57,41.14
             130.47,41.62 121.93,54.23 122.08,53.50
             121.61,55.91 108.29,70.70 108.46,69.82
             108.06,71.08 98.09,81.16 98.17,80.90
             97.68,80.10 87.53,88.55 87.80,88.99
             87.74,89.23 84.08,90.34 84.26,89.63">
        <title>f Bar-Bowl Inner</title>
  </path>
  <path id="path9"
        fill="none" stroke="black" stroke-width="1"
        d="M 44.60,116.03
           C 45.14,116.67 82.88,94.24 81.68,92.38">
        <title>f Entry</title>
  </path>
</svg>
