<?xml version="1.0" encoding="UTF-8" standalone="no"?>
<svg xmlns="http://www.w3.org/2000/svg"
     xmlns:svg="http://www.w3.org/2000/svg"
     version="1.1"
     width="1.48611in" height="1.29167in"
     viewBox="0 0 107 93">
  <path id="path1"
        fill="none" stroke="black" stroke-width="1"
        d="M 26.11,26.19
           C 25.07,25.27 34.76,20.78 35.33,21.58
             35.95,20.74 40.79,22.82 40.45,23.28
             41.89,22.63 44.37,29.49 44.30,29.52
             44.79,34.74 42.53,39.14 42.47,38.54
             42.20,43.37 40.95,46.34 40.95,45.70
             40.61,45.49 69.16,21.62 69.28,21.69
             69.12,20.95 77.56,18.96 77.65,19.36
             83.44,19.80 84.52,28.28 84.52,28.28
             84.94,28.85 85.33,37.13 85.36,37.15
             85.98,40.91 74.12,53.66 74.03,53.66
             73.46,53.50 69.18,60.42 69.81,60.63
             69.63,60.57 67.85,65.99 68.41,66.19
             68.15,66.29 68.86,70.81 69.61,70.49
             69.65,71.02 77.90,69.16 77.98,67.97
             78.65,67.54 84.17,61.83 84.01,61.95
             86.63,60.58 87.75,64.31 87.33,64.53
             87.95,66.54 79.95,73.39 79.90,73.22
             79.73,74.50 72.65,76.34 72.72,75.75
             71.42,76.45 61.42,76.38 61.36,76.38
             60.84,76.62 53.20,73.72 53.94,73.26
             52.33,73.55 53.42,65.07 53.52,65.05
             52.40,63.60 64.08,45.19 64.73,46.02
             64.27,45.59 74.24,34.18 74.85,34.76
             75.35,34.47 73.56,29.28 72.34,29.98
             72.28,29.51 64.83,30.74 64.91,31.45
             64.91,31.45 42.85,50.67 42.96,52.46
             41.63,53.58 29.21,66.25 29.64,66.23
             26.87,68.22 18.57,79.60 18.57,79.60
             13.48,84.41 6.02,77.41 9.09,74.52
             8.18,72.71 32.45,33.90 32.45,33.91
             33.40,32.22 32.24,30.62 32.47,30.72
             32.55,31.23 28.70,32.94 28.61,32.44
             25.68,32.01 25.84,26.13 26.11,26.16">
        <title>n Outline</title>
  </path>
  <path id="path2"
        fill="none" stroke="black" stroke-width="1"
        d="M 34.90,27.43
           C 35.65,26.70 39.17,32.06 38.12,33.08
             39.22,34.44 19.99,70.45 17.70,69.58
             17.69,69.58 68.59,23.88 69.85,24.86
             69.76,24.69 76.26,24.29 76.90,25.49
             77.08,25.32 81.47,29.88 81.00,31.02
             81.63,31.64 80.74,35.22 80.44,34.92
             81.95,36.72 61.19,65.07 61.11,64.97
             60.49,65.00 61.12,70.45 62.95,70.38
             62.45,70.52 66.90,73.14 68.79,72.60
             68.63,72.96 75.98,72.92 76.45,71.90
             76.84,72.65 94.67,54.23 94.15,53.24">
        <title>n Hump</title>
  </path>
  <path id="path3"
        fill="none" stroke="black" stroke-width="1"
        d="M 3.35,54.91
           C 3.31,54.89 28.12,27.81 28.98,28.18
             28.83,27.81 34.31,26.43 34.74,27.45">
        <title>n Entrance Flick</title>
  </path>
</svg>
