<?xml version="1.0" encoding="UTF-8" standalone="no"?>
<svg xmlns="http://www.w3.org/2000/svg"
     xmlns:svg="http://www.w3.org/2000/svg"
     version="1.1"
     width="2.52778in" height="2.77778in"
     viewBox="0 0 182 200">
  <path id="path1"
        fill="none" stroke="black" stroke-width="1"
        d="M 138.02,22.05
           C 138.02,22.05 123.40,33.88 123.40,33.88
             123.40,33.88 96.24,73.50 96.24,73.50
             96.24,73.50 86.12,95.58 85.24,95.58
             84.37,95.58 71.69,121.55 71.69,121.55
             71.69,121.55 51.06,146.77 51.06,146.77
             51.33,147.09 32.11,167.73 30.52,165.80
             26.59,172.29 20.25,171.29 22.55,167.51
             20.61,167.14 31.76,151.62 34.43,152.12
             33.79,152.05 51.60,129.75 53.65,129.97
             54.08,127.52 43.60,132.94 43.44,133.86
             43.45,133.84 14.31,164.74 13.93,165.32
             13.72,165.03 5.61,178.91 7.50,181.14
             3.94,181.78 4.16,189.98 12.83,188.54
             12.85,189.91 30.13,186.38 30.05,181.78
             30.06,181.84 84.10,130.92 81.18,118.56
             83.86,118.80 98.75,86.80 97.72,86.69
             96.62,86.21 129.48,43.47 134.86,45.83
             135.27,45.16 140.20,24.31 139.92,24.77">
        <title>g Downstroke Outline</title>
  </path>
  <path id="path2"
        fill="none" stroke="black" stroke-width="1"
        d="M 137.96,24.44
           C 137.96,24.44 105.44,68.35 105.44,68.35
             105.44,68.35 73.72,124.08 73.72,124.08
             76.04,131.94 14.26,187.75 11.95,180.16
             10.14,180.62 26.70,152.48 28.32,151.81
             30.12,151.93 57.44,118.41 64.22,117.49
             63.80,115.29 102.43,92.53 102.46,92.68
             102.46,92.68 168.20,52.29 168.20,52.29">
        <title>g Downstroke</title>
  </path>
  <path id="path3"
        fill="none" stroke="black" stroke-width="1"
        d="M 113.82,31.17
           C 109.43,25.05 74.54,41.52 75.73,43.17
             73.25,43.06 47.79,74.66 56.82,75.07
             54.49,75.74 62.88,87.94 67.07,86.41
             66.29,87.52 82.92,89.13 85.50,84.44
             93.01,86.95 122.50,47.64 118.01,46.14
             120.17,45.92 117.96,30.73 113.82,31.17 Z">
        <title>g Outer</title>
  </path>
  <path id="path4"
        fill="none" stroke="black" stroke-width="1"
        d="M 111.82,47.49
           C 117.98,37.11 108.45,36.83 107.57,38.30
             102.92,32.00 80.76,42.17 84.35,47.04
             73.39,47.30 66.75,77.24 75.32,77.04
             74.89,80.38 86.45,78.80 86.84,77.46
             91.65,77.70 113.51,50.73 111.42,50.51">
        <title>g Inner</title>
  </path>
</svg>
